[gd_scene load_steps=10 format=2]

[ext_resource path="res://src/supervehicle/SuperVehicle.tscn" type="PackedScene" id=1]
[ext_resource path="res://src/Camera.gd" type="Script" id=2]
[ext_resource path="res://src/people/Person.tscn" type="PackedScene" id=3]

[sub_resource type="PlaneMesh" id=1]
size = Vector2( 100, 100 )

[sub_resource type="SpatialMaterial" id=2]
albedo_color = Color( 0.992157, 1, 0.952941, 1 )

[sub_resource type="BoxShape" id=3]
extents = Vector3( 50, 50, 50 )

[sub_resource type="PrismMesh" id=4]
size = Vector3( 40, 5, 40 )

[sub_resource type="SpatialMaterial" id=5]
albedo_color = Color( 0.337255, 0.305882, 0.305882, 1 )

[sub_resource type="ConcavePolygonShape" id=6]
data = PoolVector3Array( 0, 2.5, 20, 20, -2.5, 20, -20, -2.5, 20, 0, 2.5, -20, -20, -2.5, -20, 20, -2.5, -20, 0, 2.5, 20, 0, 2.5, -20, 20, -2.5, 20, 0, 2.5, -20, 20, -2.5, -20, 20, -2.5, 20, 0, 2.5, -20, 0, 2.5, 20, -20, -2.5, -20, 0, 2.5, 20, -20, -2.5, 20, -20, -2.5, -20, -20, -2.5, 20, 20, -2.5, 20, -20, -2.5, -20, 20, -2.5, 20, 20, -2.5, -20, -20, -2.5, -20 )

[node name="Level1" type="Spatial"]

[node name="Floor" type="Spatial" parent="."]

[node name="MeshInstance" type="MeshInstance" parent="Floor"]
mesh = SubResource( 1 )
material/0 = SubResource( 2 )

[node name="StaticBody" type="StaticBody" parent="Floor/MeshInstance"]
transform = Transform( 1, 0, 0, 0, 1, 0, 0, 0, 1, 0, -50, 0 )
collision_mask = 0

[node name="CollisionShape" type="CollisionShape" parent="Floor/MeshInstance/StaticBody"]
shape = SubResource( 3 )

[node name="SuperVehicle" parent="." instance=ExtResource( 1 )]

[node name="Camera" type="Camera" parent="."]
transform = Transform( 0.650127, -0.383977, 0.655665, 0, 0.862915, 0.505349, -0.759825, -0.328541, 0.561005, 17.7119, 11.4448, 21.5435 )
current = true
script = ExtResource( 2 )
target_path = NodePath("../SuperVehicle/Mesh")
offset = Vector3( 0, 20, 20 )

[node name="Island" type="MeshInstance" parent="."]
transform = Transform( 1, 0, 0, 0, 1, 0, 0, 0, 1, 17, 0, 0 )
mesh = SubResource( 4 )
material/0 = SubResource( 5 )

[node name="StaticBody" type="StaticBody" parent="Island"]

[node name="CollisionShape" type="CollisionShape" parent="Island/StaticBody"]
shape = SubResource( 6 )

[node name="People" type="Spatial" parent="."]

[node name="Person1" parent="People" instance=ExtResource( 3 )]
transform = Transform( 0.866025, 0, 0.5, 0, 1, 0, -0.5, 0, 0.866025, -22.5, 0.2, 0 )

[node name="Person2" parent="People" instance=ExtResource( 3 )]
transform = Transform( 0.5, 0, -0.866025, 0, 1, 0, 0.866025, 0, 0.5, -12.5, 0.2, 0 )

[node name="Person3" parent="People" instance=ExtResource( 3 )]
transform = Transform( 0.866025, 0, -0.5, 0, 1, 0, 0.5, 0, 0.866025, -22.5, 0.2, 11.5 )

[node name="Person4" parent="People" instance=ExtResource( 3 )]
transform = Transform( 0.258819, 0, 0.965926, 0, 1, 0, -0.965926, 0, 0.258819, -22.5, 0.2, -17 )

[node name="Person5" parent="People" instance=ExtResource( 3 )]
transform = Transform( 0.707107, 0, 0.707107, 0, 1, 0, -0.707107, 0, 0.707107, -39, 0.2, 0 )

[editable path="SuperVehicle"]
