[gd_scene load_steps=13 format=2]

[ext_resource path="res://src/supervehicle/SuperVehicle.tscn" type="PackedScene" id=1]
[ext_resource path="res://src/Camera.gd" type="Script" id=2]
[ext_resource path="res://src/people/Person.tscn" type="PackedScene" id=3]
[ext_resource path="res://src/Radar.gd" type="Script" id=4]
[ext_resource path="res://src/people/People.gd" type="Script" id=5]

[sub_resource type="ViewportTexture" id=1]
viewport_path = NodePath("TextureRect/Viewport")

[sub_resource type="PlaneMesh" id=2]
size = Vector2( 100, 100 )

[sub_resource type="SpatialMaterial" id=3]
albedo_color = Color( 0.992157, 1, 0.952941, 1 )

[sub_resource type="BoxShape" id=4]
extents = Vector3( 50, 50, 50 )

[sub_resource type="PrismMesh" id=5]
size = Vector3( 40, 5, 40 )

[sub_resource type="SpatialMaterial" id=6]
albedo_color = Color( 0.337255, 0.305882, 0.305882, 1 )

[sub_resource type="ConcavePolygonShape" id=7]
data = PoolVector3Array( 0, 2.5, 20, 20, -2.5, 20, -20, -2.5, 20, 0, 2.5, -20, -20, -2.5, -20, 20, -2.5, -20, 0, 2.5, 20, 0, 2.5, -20, 20, -2.5, 20, 0, 2.5, -20, 20, -2.5, -20, 20, -2.5, 20, 0, 2.5, -20, 0, 2.5, 20, -20, -2.5, -20, 0, 2.5, 20, -20, -2.5, 20, -20, -2.5, -20, -20, -2.5, 20, 20, -2.5, 20, -20, -2.5, -20, 20, -2.5, 20, 20, -2.5, -20, -20, -2.5, -20 )

[node name="Control" type="Control"]
anchor_right = 1.0
anchor_bottom = 1.0
__meta__ = {
"_edit_use_anchors_": false
}

[node name="TextureRect" type="TextureRect" parent="."]
anchor_right = 1.0
anchor_bottom = 1.0
margin_left = -1.0
margin_right = -1.0
texture = SubResource( 1 )
flip_v = true
__meta__ = {
"_edit_use_anchors_": false
}

[node name="Viewport" type="Viewport" parent="TextureRect"]
size = Vector2( 1920, 1080 )

[node name="Level1" type="Spatial" parent="TextureRect/Viewport"]

[node name="Floor" type="Spatial" parent="TextureRect/Viewport/Level1"]

[node name="MeshInstance" type="MeshInstance" parent="TextureRect/Viewport/Level1/Floor"]
mesh = SubResource( 2 )
material/0 = SubResource( 3 )

[node name="StaticBody" type="StaticBody" parent="TextureRect/Viewport/Level1/Floor/MeshInstance"]
transform = Transform( 1, 0, 0, 0, 1, 0, 0, 0, 1, 0, -50, 0 )
collision_mask = 0

[node name="CollisionShape" type="CollisionShape" parent="TextureRect/Viewport/Level1/Floor/MeshInstance/StaticBody"]
shape = SubResource( 4 )

[node name="SuperVehicle" parent="TextureRect/Viewport/Level1" instance=ExtResource( 1 )]

[node name="Camera" type="Camera" parent="TextureRect/Viewport/Level1"]
transform = Transform( 0.650127, -0.383977, 0.655665, 0, 0.862915, 0.505349, -0.759825, -0.328541, 0.561005, 17.7119, 11.4448, 21.5435 )
current = true
script = ExtResource( 2 )
target_path = NodePath("../SuperVehicle/Mesh")
offset = Vector3( 0, 20, 20 )

[node name="Island" type="MeshInstance" parent="TextureRect/Viewport/Level1"]
transform = Transform( 1, 0, 0, 0, 1, 0, 0, 0, 1, 17, 0, 0 )
mesh = SubResource( 5 )
material/0 = SubResource( 6 )

[node name="StaticBody" type="StaticBody" parent="TextureRect/Viewport/Level1/Island"]

[node name="CollisionShape" type="CollisionShape" parent="TextureRect/Viewport/Level1/Island/StaticBody"]
shape = SubResource( 7 )

[node name="People" type="Spatial" parent="TextureRect/Viewport/Level1"]
script = ExtResource( 5 )

[node name="Person1" parent="TextureRect/Viewport/Level1/People" instance=ExtResource( 3 )]
transform = Transform( 0.866025, 0, 0.5, 0, 1, 0, -0.5, 0, 0.866025, -22.5, 0.2, 0 )

[node name="Person2" parent="TextureRect/Viewport/Level1/People" instance=ExtResource( 3 )]
transform = Transform( 0.5, 0, -0.866025, 0, 1, 0, 0.866025, 0, 0.5, -12.5, 0.2, 0 )

[node name="Person3" parent="TextureRect/Viewport/Level1/People" instance=ExtResource( 3 )]
transform = Transform( 0.866025, 0, -0.5, 0, 1, 0, 0.5, 0, 0.866025, -22.5, 0.2, 11.5 )

[node name="Person4" parent="TextureRect/Viewport/Level1/People" instance=ExtResource( 3 )]
transform = Transform( 0.258819, 0, 0.965926, 0, 1, 0, -0.965926, 0, 0.258819, -22.5, 0.2, -17 )

[node name="Person5" parent="TextureRect/Viewport/Level1/People" instance=ExtResource( 3 )]
transform = Transform( 0.707107, 0, 0.707107, 0, 1, 0, -0.707107, 0, 0.707107, -39, 0.2, 0 )

[node name="Radar" type="Control" parent="."]
anchor_left = 1.0
anchor_top = 1.0
anchor_right = 1.0
anchor_bottom = 1.0
margin_left = -374.0
margin_top = -308.0
margin_right = -58.0
margin_bottom = -54.0
rect_rotation = 6.5
rect_pivot_offset = Vector2( 158, 127 )
script = ExtResource( 4 )
__meta__ = {
"_edit_use_anchors_": false
}
bg_color = Color( 0.376471, 1, 0.588235, 0.34902 )
scale = 2.0
